============================================
3 0 6 5 0 8 4 0 0 
5 2 0 0 0 0 0 0 0 
0 8 7 0 0 0 0 3 1 
0 0 3 0 1 0 0 8 0 
9 0 0 8 6 3 0 0 5 
0 5 0 0 9 0 6 0 0 
1 3 0 0 0 0 2 5 0 
0 0 0 0 0 0 0 7 4 
0 0 5 2 0 6 3 0 0 
============================================
i0j0
i0j1
k1
============================================
3 1 6 5 0 8 4 0 0 
5 2 0 0 0 0 0 0 0 
0 8 7 0 0 0 0 3 1 
0 0 3 0 1 0 0 8 0 
9 0 0 8 6 3 0 0 5 
0 5 0 0 9 0 6 0 0 
1 3 0 0 0 0 2 5 0 
0 0 0 0 0 0 0 7 4 
0 0 5 2 0 6 3 0 0 
============================================
i0j0
i0j1
i0j2
i0j3
i0j4
k1
k2
============================================
3 1 6 5 2 8 4 0 0 
5 2 0 0 0 0 0 0 0 
0 8 7 0 0 0 0 3 1 
0 0 3 0 1 0 0 8 0 
9 0 0 8 6 3 0 0 5 
0 5 0 0 9 0 6 0 0 
1 3 0 0 0 0 2 5 0 
0 0 0 0 0 0 0 7 4 
0 0 5 2 0 6 3 0 0 
============================================
i0j0
i0j1
i0j2
i0j3
i0j4
i0j5
i0j6
i0j7
k1
k2
k3
k4
k5
k6
k7
k8
k9
============================================
3 1 6 5 2 8 4 9 0 
5 2 0 0 0 0 0 0 0 
0 8 7 0 0 0 0 3 1 
0 0 3 0 1 0 0 8 0 
9 0 0 8 6 3 0 0 5 
0 5 0 0 9 0 6 0 0 
1 3 0 0 0 0 2 5 0 
0 0 0 0 0 0 0 7 4 
0 0 5 2 0 6 3 0 0 
============================================
i0j0
i0j1
i0j2
i0j3
i0j4
i0j5
i0j6
i0j7
i0j8
k1
k2
k3
k4
k5
k6
k7
============================================
3 1 6 5 2 8 4 9 7 
5 2 0 0 0 0 0 0 0 
0 8 7 0 0 0 0 3 1 
0 0 3 0 1 0 0 8 0 
9 0 0 8 6 3 0 0 5 
0 5 0 0 9 0 6 0 0 
1 3 0 0 0 0 2 5 0 
0 0 0 0 0 0 0 7 4 
0 0 5 2 0 6 3 0 0 
============================================
i0j0
i0j1
i0j2
i0j3
i0j4
i0j5
i0j6
i0j7
i0j8
i1j0
i1j1
i1j2
k1
k2
k3
k4
============================================
3 1 6 5 2 8 4 9 7 
5 2 4 0 0 0 0 0 0 
0 8 7 0 0 0 0 3 1 
0 0 3 0 1 0 0 8 0 
9 0 0 8 6 3 0 0 5 
0 5 0 0 9 0 6 0 0 
1 3 0 0 0 0 2 5 0 
0 0 0 0 0 0 0 7 4 
0 0 5 2 0 6 3 0 0 
============================================
i0j0
i0j1
i0j2
i0j3
i0j4
i0j5
i0j6
i0j7
i0j8
i1j0
i1j1
i1j2
i1j3
k1
============================================
3 1 6 5 2 8 4 9 7 
5 2 4 1 0 0 0 0 0 
0 8 7 0 0 0 0 3 1 
0 0 3 0 1 0 0 8 0 
9 0 0 8 6 3 0 0 5 
0 5 0 0 9 0 6 0 0 
1 3 0 0 0 0 2 5 0 
0 0 0 0 0 0 0 7 4 
0 0 5 2 0 6 3 0 0 
============================================
i0j0
i0j1
i0j2
i0j3
i0j4
i0j5
i0j6
i0j7
i0j8
i1j0
i1j1
i1j2
i1j3
i1j4
k1
k2
k3
============================================
3 1 6 5 2 8 4 9 7 
5 2 4 1 3 0 0 0 0 
0 8 7 0 0 0 0 3 1 
0 0 3 0 1 0 0 8 0 
9 0 0 8 6 3 0 0 5 
0 5 0 0 9 0 6 0 0 
1 3 0 0 0 0 2 5 0 
0 0 0 0 0 0 0 7 4 
0 0 5 2 0 6 3 0 0 
============================================
i0j0
i0j1
i0j2
i0j3
i0j4
i0j5
i0j6
i0j7
i0j8
i1j0
i1j1
i1j2
i1j3
i1j4
i1j5
k1
k2
k3
k4
k5
k6
k7
============================================
3 1 6 5 2 8 4 9 7 
5 2 4 1 3 7 0 0 0 
0 8 7 0 0 0 0 3 1 
0 0 3 0 1 0 0 8 0 
9 0 0 8 6 3 0 0 5 
0 5 0 0 9 0 6 0 0 
1 3 0 0 0 0 2 5 0 
0 0 0 0 0 0 0 7 4 
0 0 5 2 0 6 3 0 0 
============================================
i0j0
i0j1
i0j2
i0j3
i0j4
i0j5
i0j6
i0j7
i0j8
i1j0
i1j1
i1j2
i1j3
i1j4
i1j5
i1j6
k1
k2
k3
k4
k5
k6
k7
k8
============================================
3 1 6 5 2 8 4 9 7 
5 2 4 1 3 7 8 0 0 
0 8 7 0 0 0 0 3 1 
0 0 3 0 1 0 0 8 0 
9 0 0 8 6 3 0 0 5 
0 5 0 0 9 0 6 0 0 
1 3 0 0 0 0 2 5 0 
0 0 0 0 0 0 0 7 4 
0 0 5 2 0 6 3 0 0 
============================================
i0j0
i0j1
i0j2
i0j3
i0j4
i0j5
i0j6
i0j7
i0j8
i1j0
i1j1
i1j2
i1j3
i1j4
i1j5
i1j6
i1j7
k1
k2
k3
k4
k5
k6
============================================
3 1 6 5 2 8 4 9 7 
5 2 4 1 3 7 8 6 0 
0 8 7 0 0 0 0 3 1 
0 0 3 0 1 0 0 8 0 
9 0 0 8 6 3 0 0 5 
0 5 0 0 9 0 6 0 0 
1 3 0 0 0 0 2 5 0 
0 0 0 0 0 0 0 7 4 
0 0 5 2 0 6 3 0 0 
============================================
i0j0
i0j1
i0j2
i0j3
i0j4
i0j5
i0j6
i0j7
i0j8
i1j0
i1j1
i1j2
i1j3
i1j4
i1j5
i1j6
i1j7
i1j8
k1
k2
k3
k4
k5
k6
k7
k8
k9
