6
2 3
0 1 -3
1 -2 0
2 2
0 1
2 0
3 4
0 -2 -3 1
-1 4 0 -2
1 -2 -3 0
5 8
0 -86 -8 -29 -71 -18 -25 92 
93 -46 -82 -89 -74 -96 -2 -84 
-93 -81 -61 -97 83 -52 -58 -54 
-7 83 -96 2 -19 -96 65 -77 
-100 65 37 -54 3 -23 -52 0 
7 7
0 -16 37 92 -98 16 -90 
-96 -53 14 -7 -98 44 -92 
-61 -43 93 -84 -98 -75 -59 
29 -16 -8 -66 -65 81 -75 
-99 -88 46 12 13 -12 -94 
99 79 34 -3 -57 2 -79 
-40 -52 69 -80 -9 -33 0 
6 5
0 -80 -53 85 -13 
45 35 -73 -73 89 
-80 -11 61 -63 -15 
-90 -97 -68 -79 -10 
-43 -92 92 -24 78 
59 -5 10 -94 0 
