 =======================================
0	0	0	0	
0	2	4	4	
0	2	3	1	
 =======================================
2
 =======================================
0	0	0	
0	1	1	
0	1	1	
 =======================================
1
 =======================================
0	0	0	0	0	
0	1	1	1	2	
0	4	7	3	3	
0	5	6	4	1	
 =======================================
1
 =======================================
0	0	0	0	0	0	0	0	0	
0	1	1	1	1	1	1	33	124	
0	94	1	1	1	1	1	58	216	
0	1	1	1	1	84	1	60	132	
0	77	84	1	3	1	1	118	78	
0	125	25	90	127	73	76	53	1	
 =======================================
1
 =======================================
0	0	0	0	0	0	0	0	
0	1	1	52	93	1	90	490	
0	1	1	15	1	1	74	400	
0	1	1	94	1	1	30	308	
0	30	1	1	1	1	105	249	
0	1	1	59	13	14	24	174	
0	213	114	35	1	1	36	80	
0	146	106	54	123	43	34	1	
 =======================================
1
 =======================================
0	0	0	0	0	0	
0	1	1	1	86	14	
0	46	36	1	1	1	
0	1	1	62	1	26	
0	1	1	1	1	11	
0	1	1	93	1	1	
0	31	90	85	95	1	
 =======================================
1
